,A,B,E,F,I,J,L,N,O
A,3.0,45.0,8.0,12.0,8.0,8.0,8.0,12.0,6
B,45.0,3.0,50.0,40.0,50.0,50.0,50.0,40.0,42
E,8.0,50.0,3.0,15.0,6.0,5.0,6.0,15.0,10
F,12.0,40.0,15.0,3.0,15.0,15.0,15.0,4.0,10
I,8.0,50.0,6.0,15.0,3.0,6.0,6.0,15.0,12
J,8.0,50.0,5.0,15.0,6.0,3.0,5.0,15.0,12
L,8.0,50.0,6.0,15.0,6.0,5.0,3.0,15.0,12
N,12.0,40.0,15.0,4.0,15.0,15.0,15.0,3.0,9
O,6.0,42.0,10.0,10.0,12.0,12.0,12.0,9.0,3
